((("func" .
   [1 0 0 0])
  ("include" .
   [3 0 0 0 0 0 0])
  ("cond" .
   [0 0 0 1])
  ("right->letf" .
   [0 0 0 0 1 0 0 0 0 0 0])
  ("left->right" .
   [0 0 0 0 1 0 0 0 0 0 0])
  ("substitution" .
   [0 0 0 1 0 0 0 0 0 0 0 0])
  ("deletion" .
   [0 0 0 0 0 1 1 0])
  ("insertion" .
   [0 0 0 0 1 0 2 0 0])
  ("false" .
   [3 0 0 0 0])
  ("rs" .
   [6 0])
  ("dfs" .
   [0 0 1])
  ("visited" .
   [7 0 0 0 1 0 0])
  ("finish" .
   [9 0 0 0 0 0])
  ("letfn" .
   [0 0 0 0 3])
  ("concat" .
   [0 0 0 0 1 0])
  ("assoc-in" .
   [0 0 0 0 0 0 3 0])
  (".setSize [java.awt.Frame]" .
   [0 0 0 0 0 1 0 0 0 0 0 0 0 0 0 0 0 0 0 0 0 0 0 0 0])
  ("java.awt.Frame" .
   [0 0 0 0 0 0 0 0 0 0 1 0 0 0])
  (":else" .
   [1 0 0 0 0])
  ("min-key" .
   [0 0 0 0 1 0 0])
  ("not-any?" .
   [0 0 0 0 0 1 0 0])
  ("drop-while" .
   [0 0 0 0 0 0 1 0 0 0])
  ("->>" .
   [6 0 1])
  ("ld" .
   [1 0])
  ("mapcat" .
   [0 0 0 0 1 0])
  ("delete" .
   [3 0 0 0 0 0])
  ("iterate" .
   [0 0 1 0 0 0 0])
  ("recur" .
   [2 0 0 0 0])
  ("sorted-set-by" .
   [0 0 0 0 0 1 0 0 0 0 0 0 0])
  ("recue" .
   [0 0 0 1 0])
  ("empty?" .
   [0 0 5 10 3 0])
  (".length [java.lang.String]" .
   [0 0 0 1 0 0 0 0 0 0 0 0 0 0 0 0 0 0 0 0 0 0 0 0 0 0])
  ("replace-item" .
   [0 0 0 0 0 0 0 0 4 0 0 0])
  ("insert" .
   [4 0 0 0 1 0])
  (".equals [java.lang.Enum]" .
   [0 0 0 1 0 0 0 0 0 0 0 0 0 0 0 0 0 0 0 0 0 0 0 0])
  ("queue" .
   [11 0 0 2 0])
  ("first" .
   [0 0 0 0 1])
  ("resultset-seq" .
   [0 0 0 0 1 0 0 0 0 0 0 0 0])
  ("rest" .
   [0 0 0 1])
  ("infinate-matrix" .
   [0 0 0 6 0 0 0 0 0 0 0 0 0 0 1])
  ("inc" .
   [0 0 1])
  ("take" .
   [0 0 1 0])
  ("lazy-seq" .
   [0 0 0 0 8 1 0 0])
  ("cols" .
   [5 0 0 0])
  ("rows" .
   [5 0 0 0])
  ("lazy-cat" .
   [0 0 0 0 1 2 1 0])
  ("in" .
   [1 0])
  ("nil" .
   [9 0 0])
  ("defn" .
   [0 0 0 1])
  ("points" .
   [3 0 0 0 0 0])
  ("step" .
   [12 0 0 0])
  ("tours" .
   [3 0 0 0 0])
  ("s" .
   [2])
  ("memoize" .
   [0 0 0 0 1 0 0])
  ("*" .
   [1])
  ("filter" .
   [0 0 0 0 3 0])
  ("odd?" .
   [0 0 0 1])
  ("repeat" .
   [0 0 0 3 0 0])
  ("board" .
   [8 0 0 1 2])
  ("space" .
   [1 0 0 0 0])
  ("cell" .
   [3 0 0 0])
  ("cells" .
   [2 0 0 0 0])
  ("empty-cell" .
   [0 0 0 1 0 0 3 2 0 0])
  ("c" .
   [1])
  ("empty" .
   [0 0 0 0 2])
  ("full-cell" .
   [0 0 0 0 2 1 0 0 0])
  ("rand-int" .
   [0 0 1 0 0 0 0 1])
  ("game-of-life" .
   [0 0 0 0 1 0 0 0 0 0 0 0])
  ("game-of-life.core" .
   [1 0 0 0 0 0 0 0 0 0 0 0 0 0 0 0 0])
  ("random-board" .
   [0 0 0 1 0 0 0 1 0 0 0 0])
  ("get-in" .
   [0 0 0 0 2 0])
  ("if" .
   [10 0])
  ("second" .
   [0 0 0 1 0 0])
  ("contains?" .
   [0 0 0 0 2 1 0 0 0])
  ("range" .
   [0 0 0 1 0])
  ("sum" .
   [5 0 0])
  ("main" .
   [1 0 0 0])
  ("sum1" .
   [3 0 0 0])
  ("sum2" .
   [2 0 0 0])
  ("printf" .
   [2 0 0 0 0 0])))
